2299056
22624293
13929488
5604737
14358456
16110641
20949862
32182042
31125984
31314147
30172987
29128222
26713874
19908636
10771700
12774
9711374
14678396
20580569
32898091
27101990
14130518
17760938
19551181
6310833
2119753
18408207
16193185
17893850
16605428
22518208
20192905
5675289
2893200
25797577
20033745
19003840
13193008
18661291
16575329
10952659
15279782
12149119
4112101
1633923
22920818
4124874
11345296
4044718
24705442
10688956
31146707
5281464
28449893
17143392
11592297
30569645
1997168
27785417
14909064
18602595
16749129
1547473
24277883
19642328
27345050
10757132
5091673
6983626
29418423
21667001
17936220
11143709
261624
22048320
12777631
23182441
26173129
24122927
27227094
17324140
1257451
24819369
22605539
29707343
8408329
643340
26722557
10405432
28428757
8077125
29008026
11623454
9624597
19731414
31265718
3415151
30488481
2802895
10398712
26352472
24469831
28334931
3941750
24731454
16828819
16719316
14359399
9447517
7287811
8032061
26771592
8545261
32851365
15822635
4698109
7705262
16465975
31420601
18110694
11340236
5943294
13564224
22963625
15567826
33295573
20674911
18982977
30229623
23477805
29381688
23027663
14393204
24162188
26969348
5570162
7436511
10134169
19929560
16883963
17421979
27961556
10101059
25967240
27258489
25923694
30665284
1409256
8835237
28531453
19519949
20175472
920315
33084108
9584601
16488140
32825250
30259512
1916685
29500441
20182821
31298309
18973608
1021530
21906001
12388461
6591627
29342511
22522629
26521187
12671979
6390176
20928247
22773037
32357351
14632305
15142299
29468203
16041560
23977471
24445224
2007013
10598447
25365474
1536689
20183048
8299119
807443
16888064
10215739
30307883
3516389
7959616
15727060
4537918
29865616
28115456
11129481
25653632
17083653
4096236
4771115
23473764
25024482
27544151
22276684
6102291
9131955
18190391
22143850
33109425
9081120
24150798
10153377
892098
25687487
30336424
9191216
26494929
13669992
19406955
23248317
17186380
27366506
5420881
21724234
23677627
33536336
32853714
15776763
17065493
3395454
20547877
6984825
28419871
14537532
29261444
967731
23669486
13897340
23111516
23224416
22978395
13707883
33377792
23870492
5840874
30159720
33061644
32335802
10275280
18914103
22029623
27461659
12726177
27450503
