24400854
21989358
24976072
6640822
12126744
26934315
10387894
10033499
31606684
8681085
18791813
6073928
350948
8121718
27518924
32305262
16227897
9582767
5100368
13142716
6127057
8354129
33054230
11808127
21165310
6899777
14876941
25166991
25913898
28279344
23458230
16760257
16714206
14879807
23401014
28840950
8259690
234476
5319953
6311878
8915496
24111701
12385806
9266380
32233419
6350234
8017210
14906884
15933000
13117578
28049536
22060056
21471642
27549334
313687
9082457
894615
15190627
695016
26808513
9915476
24153181
10014338
26629681
5478556
33415351
21916135
13738245
95331
27236088
20050123
9010762
17793357
32435864
18277141
16472344
5231666
26294287
31379164
21164602
5857433
25874268
9670226
27329010
19869106
9983849
2857035
20763720
25174475
3552050
14017801
1535455
27705231
24032074
28165072
33183786
23892993
16526775
13367536
23988259
10208367
33417658
32999021
28001724
32299090
17721666
10919572
3976260
10461521
8744304
25140861
16318889
1064076
1256592
10093468
20933181
11240440
12950502
8142470
2860419
16502488
22160270
4395810
10653223
12637849
32560881
10282513
2976346
15533224
23650048
26964605
25741591
23513210
26409130
20188819
22257804
10576364
31108390
26234000
21037821
6298199
17820429
3802278
7362274
19076956
13895681
28295391
30317331
26846119
2883429
33177686
9794175
25043634
4019064
20447333
4127051
3025513
30729845
7103397
18558736
20825398
513506
10745831
10784176
26922635
30934649
33041916
3944503
28488544
25721484
24982259
1232247
9987417
28784473
8594456
29064309
9125722
3335415
25827208
2417409
6218779
25450462
12211519
31262413
29469525
32658787
1834968
32494973
29834201
8938300
17499278
17105103
9451805
28245044
27889214
2819944
25625262
27376698
6764447
20559310
19543686
31746641
21791492
29531103
26976682
30385947
25040980
2547973
166867
17313692
4965317
6385645
9209723
17176772
4093562
5124752
16281127
5928530
4065294
12560832
14866829
21564507
29665934
24318634
16255119
24000717
27138577
8325885
17822919
348528
28885194
3812174
32095169
17122254
33343276
25517419
13953706
24829760
28065327
14120572
8589020
33030580
20506216
17798678
16652920
24599778
22923430
32933982
30528243
26988659
11940383
11840576
14998734
8051821
2604778
31253788
32052537
29743291
6025242
16321025
30091754
1355940
20133198
28632427
18478130
19921978
20595351
32431835
11197306
15106246
12997911
19786261
14582330
33504062
4030508
31235249
24549344
26953937
30614736
21523155
20388164
9000687
33363731
1832402
17052443
2414013
33086189
15550549
32157239
5556999
31871509
28694498
6912875
18450211
23772493
25391004
4817693
10813412
24268343
16014934
25919594
3711822
2246763
6947428
3661452
6277270
4628246
28210796
33231142
1688550
16179455
20064810
10689172
15988754
21897211
27741614
18402703
21428905
9737667
17005510
26985903
8054680
12145576
344282
26504826
2363574
25735285
31322518
13176921
16449196
13783020
5542019
20160953
16029783
12489447
23822405
22306988
17117692
18478705
21983699
18806177
1103728
8494077
29495284
17092418
30391224
23682402
1940689
18265697
33420005
18946134
11697104
7920253
31091710
12041386
870648
33455219
4222239
32193101
13077708
20671371
12421690
18619727
7277892
28451408
31109173
31100232
17203900
14672369
16024505
5633167
33478481
17128233
14127180
29419333
666219
10963972
19547239
2606907
29229668
19412812
21553040
7372276
27333065
19090254
19413661
28203648
18991041
23635836
26842317
32068685
10752711
5709511
17133980
18030602
606423
14688657
15576339
17810323
29361025
31600843
23443425
29285074
15174644
4016173
25149911
15840798
14980144
11142718
18447640
10655316
30555466
6446185
18027592
24334035
25536438
3886821
18983251
10972984
27522592
12271072
9487173
4720871
17980519
26621152
22751409
18586941
7755377
4773316
2842832
3561906
2819727
26286193
32846915
17994307
30302365
24442394
280673
11728014
2030616
18728313
22383329
32586081
25174433
6856425
23365684
17156375
10743182
8794439
28129294
4711342
21065511
4062035
9432213
5491598
30683122
32183557
24078474
4884003
3402441
26921242
8445908
6222103
19653003
7738391
24216409
16400936
32180720
24497018
28128949
656841
9670835
16957783
33242921
1290836
23814207
23054110
18447210
1002957
31848484
13022073
5714299
19359499
17084107
15146447
24851096
14212734
13775572
15375075
19096736
17177948
8741885
27542644
23400050
28394887
1726539
14061964
11241327
352828
5004550
5815845
1009604
14675320
22773563
698029
15966155
13033338
23752138
858869
14036295
22046127
13880941
19750529
7851194
30964984
1342480
32702226
11623286
15117987
14522869
30720021
32295934
23264689
24708169
22141488
18105144
26434708
2649020
29346406
26787471
7653505
1607819
27797074
22328824
24381317
28495038
4740483
3860224
18692681
5599352
17896454
7184376
19480292
4092487
15035569
16890780
5434966
14183363
28514065
20552888
28706167
25679591
19294326
18416424
16833264
7881382
2967072
9713540
10530338
32313478
2946515
18183778
366801
30743524
6958171
24748118
25684131
11698653
28608277
10822380
17298004
12950299
18006691
3223801
17042785
33042259
20114516
22477686
13671127
15074086
9476142
8822798
7199245
28770467
27239222
24032508
3097353
30206229
191553
13627690
28965275
3138003
31811468
29332076
327032
5215143
20525698
26011098
16913731
15579543
3278982
657240
28529841
21285672
3880976
12018130
20773435
23995491
941320
890066
5515145
10417461
9712864
12714325
5633432
3397590
3192402
8730784
49387
3383890
22358410
29014662
6521828
20615446
24792242
6848795
25830524
11763508
32859892
9189823
27342986
2584442
9846998
22318331
23870049
13727973
782029
11088989
4169033
1723348
11979054
9684177
12140744
21691917
22398502
17774175
25089506
25590839
26504958
25138893
28974664
15308936
20599059
1941996
2369886
11836805
8790791
28200345
23600248
8096251
3835673
17388802
10680629
13682670
6152701
996182
27410579
6934665
12085170
31579611
8657948
24064224
7709292
20798627
12201709
30107729
5018370
3736720
22144072
31523263
28875548
17564304
13277704
15920111
19506236
15647525
27756915
28297026
10293375
17802731
2838781
14129047
1637101
13519409
27811652
7789737
14515527
21667799
14724337
26600696
19692914
23382284
17110488
27402206
10626479
29312133
23955503
15644784
33048788
12545080
13613615
28369904
30109319
26891254
10735519
16061123
8984348
4938002
10803717
19277722
22740732
13642434
33406704
24377768
27161778
27663924
32167504
8122873
15777228
13337409
1169138
1915710
3165197
18279561
29317915
13791611
14037198
19718923
29436394
13531554
32263938
9495513
8346962
28818825
2832336
19082480
11325517
11816619
24020417
22129169
31094276
13206717
2217171
30946548
4029989
29378949
25055976
2643061
3947326
7278708
15980405
5116463
9194418
19145537
23395960
4957837
32937147
3878726
24676695
28819109
17410280
23386201
4760127
25757177
18650595
7592462
11285162
29976111
19409016
1751147
18550784
16948860
14957864
20767891
14340912
18987788
16592344
5842392
21630849
20539669
13121100
4056758
25656132
22315453
23202295
15497660
27273289
22584946
19376321
18395553
17849624
3232105
8227322
22609750
28989282
26877916
30202147
6720012
23299531
16056731
8471094
8295820
33005526
23428893
29063710
13791942
8862250
12101622
19634333
30493034
32641290
32755368
995360
24742926
21516389
24197590
6686090
15235247
13228105
26062411
76304
31077664
29294515
8303625
20132918
24729301
1627046
16780569
31449248
24926512
32837235
6365911
33222331
32288329
29794803
28731545
12525839
5102621
7278735
32160107
2041223
6365530
31361044
3036519
31108391
19322937
27234044
4239986
1003688
6907653
30302332
1079991
4430885
26042351
9383616
24563738
17217221
11010597
7789875
15111973
2382677
7072614
21477883
2050513
5806511
17718191
30782057
18332285
22820811
4506297
16937897
24861970
10871762
14744445
27898424
8425721
512950
21578036
12665642
1516638
28485689
9413542
2596628
32916509
1901462
11980179
23925752
19118618
22990711
31715562
676159
25373388
5233745
22153978
27423900
11040191
6317737
24651525
29372476
29138483
29157757
12755941
20445957
6475087
27500321
14789949
14900808
28013270
2813490
27566385
29529843
31299114
3425496
32126407
30661191
5326893
10552090
21032447
24445446
33542801
19193578
25121604
25361757
24427322
13721086
19231161
1913017
20038822
10328190
31285492
15622810
5931516
10486937
2514335
12406602
4432762
17304220
27307345
32446032
20117645
21319299
28421379
17862327
24744730
26993354
14969022
30071622
3990949
2447038
20962636
3979318
21640615
12529744
29341010
12513441
26250830
15017675
14426457
12735156
25345864
12157454
28357901
31277379
22644326
30872172
10129486
27077088
14621960
3882335
25968624
1185109
25201633
20835571
19047435
16391867
14274430
462025
12909057
18265378
2908998
317197
22244631
24549548
12846877
18031209
3508493
5543211
33048883
17934950
18278366
24840251
30092339
13081772
22563135
19182169
10399512
32692620
12704825
25021407
3020523
5118953
26206515
28222092
25954460
11699518
11059527
6674458
12161478
23968520
24939771
15070476
24285652
13629906
6065592
