887646
20743670
24507643
5564428
10680949
7580434
20676208
23787199
1264806
21220537
4329359
27826279
21325744
3065497
1561935
30937362
32678516
26896912
23030278
28660095
25577174
9487225
14300318
26342028
27996603
10667646
27611951
31375854
8222609
26394707
23988918
9110190
13583945
14942066
14674618
24264829
22522499
1796330
14497597
23787240
23016802
18826955
18059088
10788114
21892451
19621022
8171044
21016471
12963439
31201257
16122070
4986181
7134050
30422387
31328145
1576157
7535602
25385664
32951947
15758146
18225875
23386433
24868272
31809819
4774003
5988458
22520152
27296437
7784787
3463317
17529246
30801524
22290207
2033902
8035206
10628162
21654859
16206185
31644632
1063802
13853011
14212271
6049919
20986996
11080162
3823568
22563089
18615699
29209231
21960604
819350
13880674
11792541
25687621
12135997
16566544
31676078
1101653
10308485
5906369
4564906
27837730
3153461
26855112
29871567
11188602
3928779
17971931
27394786
2018979
19035732
7693301
16231185
25085586
28680233
27311347
28909153
17688890
12372550
24563952
6095062
13191899
4890130
17887538
5325088
17026062
899586
3446670
18127715
11208071
9353038
22692620
5491369
12506434
15993236
1808505
23695035
19922014
19780435
17535390
21940929
5261671
25228626
4617682
30347257
20354427
31928964
25701914
4488885
10747019
16711371
10583882
23938917
21601500
28471420
29263941
5073067
29371005
32710546
23200781
7024580
8509089
12338905
12515949
21015522
28332140
14324389
11156062
14699659
550328
28691387
3086156
5811998
20365581
7703773
2604759
7165577
6078242
28306673
11654397
16825260
11463612
22238279
7209681
33065047
17155267
2919126
4583682
12971776
2075241
27784398
19996356
10584329
6568871
32512240
31599786
1346516
13282197
9201416
16046174
13832460
4338371
19132265
19644393
24703952
26835973
22249152
31869528
32914150
17001329
9969493
16184914
28464876
32207707
23394595
27975427
15808478
26313656
32559045
28780254
28388896
26789011
15222114
5418729
33357818
14179922
3464084
1149838
27462054
12665499
17195947
7740082
17003870
2773780
27384474
8153326
29609688
16079130
6468358
28969407
33080458
16437786
11599889
27990838
15091062
1439988
22411834
30899539
27753644
21416447
26125297
22588044
14650962
7792979
28006773
14454284
21972836
31470792
15604121
15880458
10581859
32800067
23620475
27585664
2019351
17450454
2184558
31629039
33529583
8652915
27044014
33055546
25090701
5089471
27491888
6627331
6529395
16349290
3972374
728607
4211241
30097671
23316650
18862139
4336154
17768927
33316422
26308926
15685287
15366112
8634952
26267082
14611683
32255363
20298314
16631034
16151385
22482872
14705641
16126472
31135722
8195159
15627586
22671927
13284565
9565043
29299193
19813959
25914268
33271567
20542501
30125445
29814742
10304720
15433152
596464
28073582
15195078
26905389
10204374
30561125
1985846
2917024
11618377
686713
23215337
28249410
16838033
12143713
9400555
32964504
9724940
17595713
15037595
32396866
30880277
24602637
28141628
17139741
16962409
27858763
4127810
13533358
24119009
14432465
28966445
24715408
8951616
10607092
18066366
19155989
7613721
20052147
22072948
19232097
20738795
11733789
13927011
4022396
23877502
23327565
3432468
47946
7368782
18470062
32444811
4694564
9518203
27031943
21834304
26480548
21336210
25962113
6459474
11900787
6840147
1871488
3061764
15791698
12478515
21128065
1393191
20092235
7625716
23466138
5769837
28364510
1645495
19696847
32386905
25522932
9469917
2264941
25570877
16838698
20734939
24461193
21533261
30253141
17938704
9813133
23179193
5720483
2220751
29638667
17621205
9060897
31510090
20682968
24852530
10434173
8256537
26245720
30526343
15882252
16157426
2741748
10692330
17802856
22438531
9524803
9771293
31908447
11789680
1787674
15192713
32524618
26248866
3171543
29223263
10633075
12984611
18848025
16353493
15205361
14932196
420266
24266193
12887854
21103170
15564291
23321962
29359706
8255579
20293809
11687527
24412940
23035493
22379856
8661301
11919592
31904595
18432593
10273607
10139843
20220266
25466319
9109965
12914637
28637797
4778732
23547711
8067977
23626692
6346772
23273273
5004456
6766973
13985035
17892245
27870142
29549325
7659711
23675417
4250409
27953520
1808512
28663284
17434517
24188303
3770153
29354108
22538466
22202681
6073283
32678244
8868452
31539537
8233777
21783088
26622903
13012445
11776303
1136384
3084705
18123010
24409656
8089097
24889982
4840195
25981277
19205629
835025
86493
9326614
5085369
28039948
11135125
194221
11920033
1768932
3964310
7719709
24307398
26166926
13792991
23431210
1480946
11778032
31664923
23263969
4846503
11122936
1485840
5982822
14207576
19608785
30392414
22296608
10944336
1678113
14723454
30149964
2513137
14809882
5922082
7598505
9295398
17057142
7792662
21215430
18826073
11756971
28935074
9579039
4369401
9173569
33010185
5850347
20951600
31120676
29114315
25798039
8689116
30600091
31780860
22896627
16654444
28618778
11638804
27598715
30296891
26362193
24194183
32809963
7617643
30116264
6854037
16912976
13618974
14646698
4573910
32444983
26403604
33508983
8469590
30773004
9128120
7925279
3068855
30079719
5491459
32183106
22323262
14180574
29228765
20549627
3522706
12328713
15613973
15161509
6372997
12356368
7969206
30567179
11611900
15586848
27129012
18465936
32499759
7193490
33112569
3519237
6084041
25961677
3473788
14553567
23180249
12601843
22478781
26249040
9127130
27970240
24877714
31450328
8596318
20552047
18445523
12119023
32880759
505064
27280531
5699260
12861368
1695241
2712008
24473267
17282024
29840955
9384707
16227351
3479949
8942780
19746587
9563926
1350025
23220310
24117492
24530209
2267721
13041777
17224817
11394787
7457585
8548099
9290683
16053903
29100081
27736205
28172925
28426409
28241204
21898961
571237
7548140
23594201
3283180
32021342
7321794
33124070
7851617
23549144
3049588
16794396
9741236
12613513
18144356
32961545
3176509
9120134
1674771
16218285
26344950
13069557
23675870
1338554
22360239
6175277
30438634
16541948
793770
25310547
11228720
22692666
25881720
18776796
12732436
29164899
17243706
20054165
28734538
25095323
10048877
31784061
8335223
19790048
10843142
26479515
19197098
14019586
2045217
20871868
30237870
28390102
386993
20359244
29728655
22747167
26534520
26612794
5734683
27328226
18368909
16963402
16466460
10696133
2185766
29198895
6306537
19429408
15698628
1486579
10970235
25747441
33270639
19305393
11983057
10559285
12230476
31180154
24578870
14275692
18497526
21262308
9111299
18884518
8067057
5285458
8077253
1047145
31898251
13811871
28375370
16712665
30775209
11287335
27408797
32960910
6931798
160902
18835886
22630362
1647416
29806120
14823307
1363623
15557082
26806299
11922907
27787557
24432022
2947281
8508754
9375052
24209525
17619988
28259570
32276581
22905445
2782327
33323661
21249265
16594198
28144536
4407434
13814975
5877439
31816166
13221453
12809172
31977004
32057339
1885102
69988
28308963
16708408
1433611
10311549
9960276
13356453
4544611
837802
16303734
13053300
10212853
6958827
30673287
4917927
5680912
20024300
7700190
5450141
7719069
24294387
40245
12126502
4554866
5917683
10388237
17776254
18726855
8810809
16279097
20611892
8880796
11033629
3765805
10314342
21345177
13726016
23670795
25889723
14563753
6420033
5388591
24776541
13378795
2507446
29694404
19059706
22531746
3840162
24509846
30250814
28134484
24550027
8822885
32689349
30467709
19211057
16911171
15640068
28021865
33190268
2697465
3348165
10669401
6463205
13662507
32014513
20189156
3778806
24349805
1198477
10198838
29738395
25974953
23577632
32245841
22114925
9082906
21223091
25955022
38256
17919409
20535074
24588282
26742293
19669991
21501496
12398854
3026667
3587068
6866287
2662503
6284532
10214452
13331839
12747672
23876894
11791920
32936827
27655699
2587293
580872
4300105
32325624
26555761
27877672
31016969
15116190
3406082
18685628
7516781
3444337
3050605
28051854
28032619
29792834
14167350
15979619
8637256
17194016
19566686
15503479
19856454
25851218
25717866
33188292
5044458
16040328
11425780
4426790
10141595
14013009
5007597
14441635
12784201
31563357
8764875
10246674
13125116
12170956
28932301
20641896
15615228
31982841
15139254
10093351
28221243
29306603
26072969
3304004
12946123
12085224
18807482
32802576
4381946
10970852
32436436
9426403
27011179
10307721
13853128
3598278
24320665
18860725
18039848
3550370
16869650
26804658
13797043
29994701
5421182
9174848
17082101
21036345
7603257
32221355
31129696
2270005
27973526
23648233
5574008
7365154
2179025
24381425
6613298
6560906
1797845
5495239
15987245
28808959
15802895
29840372
32407172
6569128
15146665
16892588
10119433
32016315
10142814
23916475
28456584
15563931
33091322
11984254
3045844
7140083
10651113
621044
9410087
5070143
24269277
14984094
12435296
26448237
5811023
19048594
33009079
7608803
24543768
15441892
2863330
6792231
11727832
1716006
13361294
26874497
18608593
23480726
25336380
28751342
13842705
20238468
10760841
13379531
32222657
13806621
20519613
9319338
14427664
29929700
14389481
5142445
11359298
26824776
31590618
17170257
12318874
31045265
24779059
3308210
12932725
27642325
10100376
24660556
29358330
23461669
17980557
14412492
13387899
9762505
9609402
27230603
30000909
20370179
7055638
28669134
622304
27575251
4433977
15049967
23950455
18823393
20192348
1755321
12093737
18228470
18925577
24412547
15719303
10150141
27720692
28651963
4238034
4266637
19758023
41932
27728241
4184149
14454359
7561645
13946589
24063697
1237752
10393002
10879444
8293390
5507641
11501747
2314209
9941617
26551649
26264663
28765009
13189501
28019919
7304250
31417970
13391001
31716732
13582777
23541141
25882993
8680244
27779174
30149565
28438267
27821105
24323310
32622351
8720969
31884954
13014444
32784665
33122706
23407446
10109613
7861664
28915022
21611359
10175872
5302207
14608512
2886039
512720
27798013
30905893
7816969
25661487
10742462
5979270
5689833
729107
31862198
14370076
28508280
28457331
9253847
22774890
19226145
8321702
31495858
17556668
21336146
30726091
17124942
11189096
7281272
24986541
6549686
28892566
1607917
11851828
9946582
4493955
12364547
4190099
1845352
20181451
29851586
12587814
26160656
1986923
13316920
24468422
16356934
8270705
19371257
25610781
31045594
5042971
377987
28986956
22599574
21714132
26158615
6170020
32903163
33439822
31156560
5898353
28777892
32764476
17750116
5169978
3703935
30114598
9360077
5549286
16741618
5657167
18137035
9347778
7644089
31453891
261769
24001022
6170164
19632961
16057307
3661262
24675867
16435294
32648217
13721009
4594930
25252336
19891028
3943598
25137662
17493156
9841886
20361058
16703136
27592002
25531035
20407070
24152168
1336680
25956292
7339290
6993846
10538831
16687068
14637870
8438290
16948772
5084461
14608389
3027301
21141703
18269650
27703168
4022565
17363371
7869681
8617495
9061211
27760709
12561092
644441
11699369
22402977
21005498
28402441
16440483
12982038
15255079
7038156
14318717
7656875
14377445
21312499
18195706
31064512
2395937
26633931
14458788
7480333
7687825
17486089
28622036
25957410
11634761
32644600
9766350
19504441
7707599
18827496
13710654
20268626
19471873
25410023
9117108
6922939
20257968
25557590
19904976
1958615
32595745
669198
9615426
13418695
21981632
27811067
10928711
24377568
20890502
25387499
31857837
28578326
9319156
26925441
20981305
20953852
26015545
30747590
6903797
168649
16020654
20614451
20437210
1938095
12469978
29554317
8860970
32727945
21557412
28765881
1132064
20598661
29435014
10747425
462924
17862214
5004060
11391635
8685287
25894498
3224638
6988692
20918392
12543729
359637
8345201
33497580
26375117
5538295
6846945
26543701
21558885
27461331
13426480
23496915
6376877
9426365
32357820
5550326
30983712
27569270
6682390
18027942
23449788
17429814
18490801
7757507
22433810
29882371
16442793
14773876
33107008
23431420
2137772
12096305
23790992
10482909
12039389
16611613
16021203
18886334
9600883
4025656
12793233
23027362
27522571
19170046
32453662
26325959
24720371
29882943
20340733
31402696
14356389
10236026
15278079
32847189
17993532
4157393
29175065
881893
18931268
28727641
24313248
21068975
7269451
14549808
31551883
19308839
31161420
14018655
4640677
7207807
18044246
17433846
30235168
12012385
3049396
29134399
4783849
27769766
25462846
25124517
25618031
6264803
1806111
7341614
5557496
19799642
11499006
1178129
20681534
30430209
29905706
11440286
17944752
3620725
25990029
15942140
22929499
23597018
29960794
27570112
30804824
14450608
11449462
27485497
26462929
14498857
23065400
31246713
8714127
14973814
22816798
777662
21238552
24622909
8119275
26795983
10868119
19618216
27974112
31549589
16493993
24325322
9435443
884250
27945982
1871041
16826325
17321049
25467994
13232687
11336665
22718322
27683230
22786126
16649323
20591663
3730487
6160291
18283944
12444614
21134040
7546247
13222275
8818096
32169155
21341486
2059648
9482778
7405270
30033695
7477871
23899199
20804521
16913250
24783384
15196071
18784226
8055277
32517055
10697724
21287899
10299289
33416045
15416633
33085350
16510873
2453865
3261406
22671099
20737744
15705955
10250644
28283926
28928229
19068739
26898649
16715283
21128322
2826932
24120489
17607521
10304802
14465192
4857610
27218051
5694144
20053680
12447781
13749356
19016304
23145504
1482823
29315528
23007118
16899455
28846382
5963495
19353255
32107787
28634593
6536504
14259310
5330805
1265998
9633044
24399480
28164583
26348262
11973306
30991514
16914319
29580827
7741820
31379510
883941
1405376
3519158
20937557
13853156
17268513
6399429
3444229
18751271
2160461
26451282
2096231
31006842
32414776
21449421
29560134
27494873
27985924
10264948
32825614
29251858
19897991
23670598
23862009
12691822
2089472
21299027
29606076
31670234
29040846
27431091
32554111
30446157
30950184
19937236
10744882
14664202
26336600
14189046
33415472
28497060
7085896
1957271
25949406
5946176
23406628
21955108
33441048
17838120
32220056
32712166
13535546
18563551
22828332
3843059
31255308
24917740
25142021
27306889
23033542
20628436
21183548
22033221
17520097
18579236
8416025
28264978
33243437
1198193
8899528
33104414
29695188
15985423
1507253
22090163
21931598
24913880
10490775
21818151
9197505
9156335
20975885
22732986
27719822
10249722
26576045
25420698
1613030
18163570
19173155
24646507
5237510
6802207
13125297
22757607
25381379
21541257
17468089
25070384
22739386
26367617
24620366
18880078
8798608
26127555
7415745
30730142
17486939
17906520
18993797
26684379
27062790
6415186
15862934
21228180
16664907
8884483
13094447
18277936
27048052
32267537
9369948
32285562
5515249
22495244
21488737
30896627
10482005
5402330
22412579
33221326
31769946
13478450
18546973
7014059
6051573
25962717
4189705
23538447
10314805
23183501
16668395
3823100
29598686
32531328
25051279
12709098
7861315
4591294
30986969
1354871
3304336
6802485
86001
8819584
29297664
21574673
6161779
6225238
26977003
28574293
5892068
25192453
8498311
24439040
32206511
14549819
16847326
2841784
4533835
27162066
26025220
21202229
30985165
22069411
20179061
22482013
1224077
28040311
27073242
32211045
29395181
30377577
5459099
29481118
5642729
1202267
17501359
11804443
7427504
10923866
6824305
13319572
2561824
15322615
4204116
1213903
29872434
21051441
4055623
851773
14659012
30080842
22054001
12089681
18595821
8678566
1017262
19819833
3164381
28090440
18476447
32559561
24913585
23935481
28486183
30556250
25137747
12433111
8806261
32565187
23356912
15630565
12330263
25918735
30953116
16534378
27132574
27271118
4031324
31188132
28122826
18690335
27714478
16622331
30780015
12755804
25300896
31797213
32575636
28465212
26333221
17497587
27470341
17692310
7878572
22402093
14694064
33016319
1280708
23500325
32027010
24637555
5576394
10802841
17001795
2975078
27337154
10579937
30246131
31368477
8213573
24814525
16504316
2373619
7882424
13729836
15129422
33183255
11972617
14150627
28094035
4751342
31648149
22009881
22443587
5972290
10857478
3583220
5434113
12138121
27083544
3906691
3221244
32659873
14709467
20223038
2080520
8492189
30802910
32326586
6306235
5462051
23586616
22810486
7835606
31468975
2985890
22965027
31097735
14958442
3561158
25637338
19709719
1654876
14092723
8598875
7627165
24950200
12182094
13061213
3533889
5711142
16967903
6755069
4816583
31677369
26978042
6897038
6615126
24226457
5669129
12921296
29688507
29255744
2177351
3969617
27170287
5163176
26934644
24713526
20121618
30495737
16796433
6276905
32150612
30889091
14875715
6223281
22284796
27057808
19284493
25818620
32768885
2697900
32573688
4031037
820837
25997299
10928010
7435899
16669324
16597138
20357130
12803335
12298386
22534416
16772888
5914178
27697592
10153100
30627703
14264714
7094341
13869640
20541618
5690458
11204300
1862838
11913738
33489031
28920645
31198167
25753219
28135099
341571
24772476
32166071
1162344
17215279
9539649
8598242
330107
26136723
28955307
13133377
4880677
17935292
29906264
10794854
12078452
6504868
7868126
26343101
13599209
21737701
13330223
19289666
32942000
15193060
31203339
32876599
10559274
28847010
25075323
5139877
29188517
16293303
3751516
30350860
33508581
13291100
5394606
284192
5873391
795481
13417504
10754068
18730772
9769273
21548857
30809159
16274076
29416918
23597828
29873284
17600188
3373556
15608454
16987692
18566615
13257298
16309796
29125888
8549876
7830687
711269
4183961
24123989
4462720
980325
24078074
17753820
6374930
24362201
23627146
7170411
4225209
826718
25901118
13994481
22375575
23155782
30268557
18237997
13199114
26587345
2283753
16572669
8641368
19271381
1584853
21898665
2026745
30710676
30448476
9857367
31421945
1077942
426860
2330233
2058266
24504933
20083988
8433196
15312638
10156703
15603542
19537846
10983420
7950228
33532263
33358930
31106009
30246388
18042496
10750692
23279237
20326184
27323360
31920604
6043133
28908148
20264773
8069877
26064393
17158754
17927243
23931842
18236695
18354102
26262074
20294960
9304539
12791567
28728091
24617112
22948205
10777201
10600527
377193
18727365
10578358
181628
16278942
7270250
18224123
27029569
30549486
4995875
20798434
28915595
11039008
16152150
15625936
19108820
8662111
32784689
3481568
32593888
17466888
21835605
25301531
4207353
31140080
4538602
32935443
22202760
27486806
10158213
32803222
27863934
28885577
9827084
28045561
11610023
17097333
12715188
5085097
14092388
17710999
25883530
9453487
28749942
8481184
25079358
14304330
17143231
24309552
17785833
16182687
8222008
6066943
7929722
12429360
3652591
12468323
11810372
25855286
6400633
21968520
25104077
710136
17299601
1376729
28755632
28909623
18474062
7916389
440224
32566385
25627387
26323753
8465440
20822897
1250506
33544733
1572731
18393672
24299853
19358500
1021927
32521861
25425442
8951649
11396725
29078032
21419907
23207032
21378886
27820540
11621120
12928531
28530675
28920656
14305196
23731811
24275784
32779257
31648199
24716007
31791146
23721090
17485329
6702090
10989491
18735770
6692391
12562158
3574946
30992244
31920657
4596872
29959609
23791667
13548520
7801902
19315203
1413932
31008934
7139593
29234471
9075558
20068060
24210650
4441783
818824
14388029
28717566
43585
12481733
19879141
31834666
2648327
3809974
4982324
13637818
22545679
11674650
26199911
26120624
9112398
24566136
30717496
5517575
14803307
10711520
13319413
564014
12125387
10773915
7703542
7805426
19849408
27771601
32016075
24291190
28590360
12849609
19454260
28633944
25331341
5778906
26914114
27979667
9588879
31896373
8062989
32134494
10016592
708468
24700622
19128925
25274539
21863622
24646500
6523350
32575142
4411481
7087299
11146033
15185331
14790841
18951459
1480307
9007946
17413038
25771433
4043875
30262582
11671261
32677754
22039491
17450166
26037437
16464663
27038981
24379378
24527587
25619043
841474
25235991
16765233
19970399
16956034
5074424
11062467
23479320
4095070
15473883
30566618
15241102
30659149
11802963
638065
32139391
20810909
18051103
24356392
24854783
14759253
2473222
23978105
3244249
19923323
16461046
19708847
13407872
7285993
10681938
5472483
8127466
2363497
22237652
28097800
19319467
27312011
5605771
9244355
31407080
21079653
6256477
13093686
18184306
18059440
13731751
16769266
5315853
31782789
7571226
30170635
12987546
10044383
20594244
16231730
29967706
3500859
2386081
9821146
10786787
13068019
15293565
18914252
15431451
3976785
13457621
1196486
31288731
19063391
10440776
29141379
6588549
16697253
8680569
24772790
1202197
22412255
7987624
6518049
20640548
15558850
3134188
73599
25603168
23728431
16305328
22016442
27229225
18691409
31837588
4461580
31759427
13576657
23375768
13636446
17553377
3278893
14832868
15287676
22342219
25273643
10874559
28930703
8416400
19555127
20149062
9618532
8412887
28136685
16136516
29053434
10141039
19270703
29127032
2189776
9444639
11877865
24206217
3119432
30569273
22489309
7580948
28774204
2511534
30956715
8856154
20064910
681112
23689021
1798154
23023330
15408169
12672712
18399602
23824504
32227775
4994232
33443036
7086230
33130916
16025120
2585168
9717460
1741328
31712136
11907235
11185966
10035569
2558956
14305333
7050410
25048265
21886280
2270182
27559734
19288499
11126335
14070149
19969610
1260861
15868238
9438509
16668965
28540886
27838046
6939037
27214165
32832277
6827577
745899
32408697
22852697
3331066
8571725
24594024
1488770
20478959
2225494
11524338
23037915
16530826
18574683
14531684
4862611
20844864
8536922
24151109
31971135
22607006
10566288
33231995
4920749
20004732
16346464
33461634
14288346
23285500
27121303
13566127
30113077
27867201
12420392
19411278
31198202
20992117
10450806
32686972
7916580
12676299
10656814
30954430
29207060
29231497
11931618
515239
16521865
20468540
24666348
14938568
9521050
1678140
14616067
14441798
21682807
30962530
14348936
2416721
20693535
7915807
15982783
17252180
2228512
28403174
3108962
33426714
15840795
13559767
32559190
23757375
26236001
9661572
21157373
21888629
5338637
33088927
22403804
21860502
20003035
13515656
3244574
29524020
15193731
17860577
10411387
3322106
15268675
24760258
5738762
2407714
32676001
21721544
19659829
1350081
16570222
22768790
1222299
32411017
2774061
227057
22613896
29010061
9888565
10216773
17344195
15227137
9751268
6193503
3533143
29754238
19709158
6777717
25723827
1348393
24638293
2580718
4670498
6352472
27340975
10409195
8760186
26462480
32130738
28420014
27812497
15146464
17634309
29034795
14003049
20408369
29261788
3062513
15863935
5595921
13279286
33208065
20823057
23030553
5847072
24356200
19230360
25556229
31133852
11399691
26904557
22217649
13980408
31575054
28570120
7766887
8429817
3775810
674872
7006059
32195760
28487368
22152522
16275637
23967667
2601076
3129510
19675023
5663588
18993380
25270879
18942809
18647013
12539441
8418867
24494084
3341209
27649226
16495817
920565
5494421
9845942
23138213
19474764
7866500
18153837
27241650
16296252
21929647
27916457
23302310
20570975
22849393
11900337
3292116
13262565
14501412
6421625
32937587
20164935
25415005
24653971
5553313
10507522
3638980
13972179
1447111
6980124
8066909
17942927
7900688
13561265
27788805
31038900
33036028
2100809
15638241
26723182
18397061
4013456
21085208
8144875
24584366
10380105
20045211
27876417
23642669
992127
743611
23025761
21157062
26158551
14125300
26710310
3111577
17764279
7127993
4558687
24744338
15194837
22501550
32645025
28756101
16735859
30129429
28237633
18836667
12213174
21406383
3679296
16226630
8937095
11824107
7256500
19317200
31869317
1578486
9405437
32861380
2322032
32431197
20464010
28480518
13002001
13619824
31592094
30766279
20747752
2596286
21956121
2388157
25097771
21046650
31144193
8279198
17621583
25827394
27115800
29834757
13679281
30795096
12506891
22616376
9064707
19763390
8379144
7379592
21341875
17784516
6686540
23663906
16661282
27150485
18589992
29663282
7215813
16627591
26875066
27963564
19223876
15276691
30351720
10767215
2768910
27941417
19046348
20390492
20214379
12607716
16670817
339165
9848316
29177707
22955540
18913022
15386602
31334619
26292550
3174045
15564703
32979025
26837887
32225920
26575079
11873383
28334771
236460
28500909
21655341
28199960
14170289
3377600
24997248
24937503
6146445
19384170
10429355
26536937
6044053
23037071
9653258
6383217
32885322
5276470
29338692
18243849
20663071
27118879
10981967
23837051
9129151
10406560
17120442
7800575
3427143
28993825
2580850
3663539
23940238
24236190
31863498
4556096
27613726
23306250
29493534
205675
9135988
6368458
26742611
15180041
29405464
2841374
21563257
28736354
8117779
17347454
13425771
28780785
10911901
24407673
19063404
20040987
1259802
2629415
27841562
4686880
31623175
30422411
8350418
22008981
21104106
6659484
26565076
15163336
29965734
22504179
15369010
5547226
28872572
8557126
20727266
24723604
11398435
8736028
19905462
19516213
26083481
33331169
14742566
3440886
24184410
251474
23481873
25444147
2880888
17768939
30131027
949567
14636854
4927013
22958484
2186528
11586433
15969064
17349799
7997671
4918811
32718809
13544896
236887
7721439
717667
24960490
19119873
9453630
11311457
5081654
1982615
11088194
19824155
5423500
1718108
20075628
28905308
27162191
22956452
13119815
23738722
23905954
27756669
28665670
13310006
29943132
6697671
29279070
13738500
14695277
643385
12902813
28240173
880272
20624187
28957775
25840761
6189628
4856973
3597722
11271217
6839523
14685851
31095371
12263022
16403959
17616503
7613835
10011654
7018523
20733649
195944
30924477
14935822
28861613
10679987
11324459
2004853
6404625
25062894
16700065
7048010
4411211
11385806
7928281
25035397
6789085
214546
31225024
11645993
3812268
8941745
18485515
18498118
6482620
30748537
1347581
24099122
4807940
11359234
31117581
25541524
11555113
28487626
6922851
6862295
5613117
18247245
8867083
12017742
9755707
25567147
19065751
14166917
3398458
26993967
5647818
10187542
27208448
3318346
21833535
31020715
12260090
6764618
15964338
18742709
3958659
17311918
9287335
8766534
28671088
6850484
753563
6671769
1783614
7676413
13533999
7396731
25923657
22401081
19414472
2124868
14413733
4925727
16291720
17812190
31919629
21939537
27999731
25573645
25257882
16278770
23039865
3963476
23043388
5449771
22706120
27001982
22761624
31993454
2214085
17878216
5289443
2967647
24549921
7073056
10643995
4529488
14469722
3013156
26930505
329698
5138023
7789806
5255360
21429678
25601995
3620557
9814783
20047230
29194202
1518169
2771569
18679571
5481644
25814956
24129341
28187699
19262506
13336469
26626721
21476526
31214685
31916099
24444172
22210110
5434724
1533671
26739597
19904381
4546826
20115670
20234079
9684784
27905475
25489438
31114461
19953038
29109931
7374748
6445773
24749637
8892916
9217341
9874776
14374495
1477801
449621
9007762
20740242
13786089
2079988
8662337
11446278
441655
33106444
101956
5876314
1085684
26841489
25780695
5632509
13402727
12460278
15317229
7753707
4395284
12877258
27706680
33505214
20252006
598021
24700419
29144857
9815361
1020699
9964921
11293161
1470319
18972618
32033403
15256408
21052605
7141244
26702621
21494196
6693256
26804513
27370445
7778875
20091570
19596644
13411384
33494232
32056921
28728548
7693507
2897710
8051374
1845692
2848492
28303315
2443712
27548847
23893741
12259009
28569545
304166
23552105
30039864
19276783
22031012
11741776
6774893
29172255
4889901
28269024
2311016
31694413
22085037
10089890
18231487
8127250
23501209
18171288
6629739
18675325
25864730
9527384
26726699
27710421
12375812
21475518
30154069
6370227
11814827
8858646
1385276
12118992
32410750
31425075
31395711
20887331
9612355
4616172
16505090
14502256
32885195
18816105
12642173
21415800
28905995
30873660
29542985
18852772
15490516
2618229
3973602
7800750
12145612
30700300
1956740
24521423
18621322
32110808
30891585
30436149
7414958
32276861
9000645
6271276
30147440
6841924
27158542
6205364
11458095
10109137
20707555
10788794
28925241
33349727
32204594
24276740
30668955
28193083
9575017
12604975
30811311
13548618
20405725
9402492
10694422
22362400
369419
29315743
20918776
31261004
26197396
28333669
29983369
1643610
1050513
26576377
8485533
28208991
32781740
19943564
4763696
19934799
30732357
134441
19730095
29382455
24411181
16844554
24021043
431766
29449465
21277922
13980383
16300758
30680349
24674740
5108726
31049768
20436051
26027437
28756340
13079016
20806674
25185213
14722625
21857122
18207158
23208093
16511617
17434403
9597161
21275248
3814770
6775023
21409689
23544800
2602982
12266374
6834859
26624024
12698139
2729892
14347515
26678457
19030585
11473368
17798765
24139246
8968704
4680320
16612251
4170548
17759335
3864429
29355760
32481895
25721486
14008423
22135493
8678672
31442825
31732653
29953919
1703099
4953244
17809112
25247899
7556162
30075485
32082757
625754
9219128
1258153
14973204
2343153
20288737
26446572
20141853
10873551
1860780
24822173
27485737
6031264
9027012
31350165
1832528
7954476
23517155
15840950
30089968
32195826
13729279
28268189
28595250
15432378
33221369
12849930
7125781
7223099
9370920
5654106
7848788
18590047
6912194
22821992
20933136
27200930
15714068
7520557
4520049
17574847
32342665
32005721
23606110
7815246
29801390
25438574
15769657
19764113
7725092
12305193
18405444
21454371
7018886
13446262
3332317
6685759
26296127
10458033
13908793
2112615
16112074
21757581
20702662
23024267
11025077
8081366
16670765
26739144
15601858
21190749
10759559
14390028
19642038
811174
22205209
15888996
26249683
4420434
2098613
420343
16725562
20504056
21874649
23744383
395886
25206901
30430078
26691949
2110502
10784439
28804563
18222575
32541955
15952729
7692410
10012600
24034030
24363110
3197312
6081393
11999427
13956807
20471420
31641400
14767916
9122133
13975900
7463167
13542502
16074449
7883445
30267999
3024073
29758094
20457950
3419895
21410499
17333532
30111843
23521001
28117907
25361910
8189080
27105430
7760208
15881490
3563535
31794237
6690168
6760782
4321198
18689531
20717588
24792553
16776435
1931008
360254
30752271
9394110
13902691
13272288
17277555
10616258
16296296
13481153
31074144
19716190
1337220
14853244
16273601
24858156
9416719
8081080
33047236
2967654
15841223
15374294
6531188
14081028
22064397
13291969
18402162
7199432
455062
9640219
23975803
2386005
10000409
21173578
11780115
23903099
891370
29057605
964926
17187665
8984326
32039005
3349424
10321481
13337817
19622960
1625206
22754472
27703975
1117946
25722125
9990766
16492175
32253248
24071730
5002140
11990721
8919396
12201508
12445718
18559614
2622815
14831723
28560022
23796392
26611773
18908690
24687761
22114946
19873551
8320994
31099207
18358124
11670353
7866256
31695940
31293313
9491397
20895916
25442792
10609342
13063545
1879127
27101516
11762361
25950792
32103592
23753018
1315756
10750604
2644304
19875369
13373418
17476026
14880960
3615314
10533303
235154
28303010
32648248
20108704
3069508
30192959
4912396
14739861
4504720
3053840
12478678
13996116
23949756
4367038
24605394
3458869
6246100
18152414
15221166
32196891
16701510
5419752
33512646
27452113
8063991
19833520
7271035
25539953
1160048
10886284
2518824
1395137
5634862
1612577
21503840
8704370
31805535
26416235
23444230
2755823
29470074
2368412
16751875
19865334
6735449
7802837
23324139
12981485
25955186
4990873
11623944
9102201
10410560
11582095
2999818
18474486
31415614
10270853
10460007
32575597
21157136
12978831
416302
26791934
14591407
21920077
1941872
12842510
14781880
25386037
15598269
10697458
27754448
32350143
30562792
935401
6598484
20332499
13916885
32553669
25323307
25540765
8101438
2179371
3568364
11101256
20653856
1429482
21372044
31113863
450647
8974684
10538198
866884
2212186
25129604
22786960
4153993
4417618
4014344
29539965
20015886
14711801
23739917
18811597
11720097
24675318
25410016
32052531
5037707
24409254
23821342
30578407
32510627
26000712
592339
10057387
13100073
2021820
31429366
10659504
2472402
6849619
21197637
3339221
9061740
12772809
26126116
13215669
17190362
30140459
9201202
3651753
11297765
32941119
22463285
23017797
24061941
14318870
21515897
29099583
5173628
11782807
26123559
4129759
4229024
26715833
14187146
17329096
28737653
12062080
27988535
31209990
18911634
15631740
994716
27973310
28404484
27120831
7634547
12040350
23706795
16835684
15692102
1450128
16222307
4600892
24467860
6729816
18919761
12429261
2274904
24093324
24212004
28398462
28223082
28441027
21559863
8855732
12215627
16743020
20917812
6649730
14398515
6274950
22281469
15393230
693828
17131457
8959565
8328310
29171806
32666359
25163930
11309477
561991
7831805
15910368
25029851
14561557
1275633
3904680
16836460
25368892
28116683
11680490
20037542
23003214
33240288
28893274
1664409
16428813
16256590
8314074
30827327
22531475
30595542
12666061
23225239
14172567
21625625
31553548
9789878
20737489
23163046
21099354
21299479
30994787
3455226
12774834
12001912
4730794
16679450
28838307
30099685
11241637
6964301
16582731
690420
6650157
11921509
2354764
23078905
28178034
10668838
20351800
17155078
7709884
33017796
6825885
21882387
21088926
4824937
31672264
8271983
27987919
19217122
29571397
25428274
22672283
8791736
3875690
27403076
25471185
32713996
23948265
3158326
6123865
6976500
3848745
12773957
18897945
6203445
2298431
13521547
16872218
22650166
30676560
24582101
22113531
3948013
12909992
9648025
8772886
11027760
17919943
3206373
30244881
13936908
28634582
19362732
22728643
32510207
13211312
14645332
31669771
3605081
17803658
4239140
10581581
21652338
17013032
29479525
27855782
19311462
9446576
11173568
8407133
6568705
2201174
30520663
10516653
15111101
6614192
19289474
26138861
24534134
22495846
22829246
4916546
17575932
8637547
27645189
16531707
21848794
8736089
14646982
25453875
26539746
18886057
2480960
14637653
2344658
31960420
8938939
21656055
7852564
20112443
30063123
14421204
22313552
27029290
24937857
3870221
89050
10672835
30009017
24623119
33168681
19283832
29539665
17190117
27921314
23630358
167393
16215676
32366446
14814310
8115055
25351697
145936
10596014
6434854
2490529
9002002
15373792
24146519
16854502
1931739
20655211
31275705
24245290
14130069
22659066
28115447
14219119
33331901
24570032
5287742
32946086
10299432
1272911
16581771
4666314
24903268
16749099
20881926
23715219
31563409
28996980
15512484
31709280
6038563
21947273
645377
15040500
3766569
24791895
31895001
5698308
11892674
29616275
29943597
26022743
18720845
24504612
6687366
18498314
15520149
11975107
17889968
25819580
13248018
917244
30485830
4596790
17666342
17813324
28312008
15675319
13255808
10269996
13830103
19294306
32217268
14475479
780375
2429406
5712943
32675311
8127649
17605552
28737090
4516750
10073863
13903504
29021298
16761164
32401817
10987015
28736207
16737290
3252099
8429793
17654469
183497
13026518
1766379
17996756
7784095
17441634
31252564
18054090
31271736
16992438
16716863
12192720
17772748
19146204
17905598
16893628
27273852
1956718
12076286
31790601
12030517
25979789
27257403
28791680
24827111
4689986
23973455
8009905
7942085
32403183
25664373
8125517
11875270
27430687
26122273
19659300
11317889
23820341
4158958
9035130
7258283
20875756
21227849
25031031
6467528
5579015
8370227
186884
7535732
20446448
31977421
19566184
12871742
25680392
14803433
4144357
30370378
5222392
12154261
4757967
4071080
4264138
12883483
15946285
31694824
5451260
2051153
9458218
29271600
6210046
18493347
2975452
27085802
6166764
28006418
33553265
11745714
2822149
185718
19281381
23268596
32163138
5293134
2585842
24289034
20096502
6730198
21104980
25318893
18884394
25862882
29389908
23148531
5191870
11781761
21288924
10643129
13832913
30747077
6360234
20042959
15685992
9335621
13574265
21852691
3787607
13573098
43973
6609691
13758815
19325353
29878222
12367457
24618486
32464064
3102060
11160556
5639830
24206975
2924954
24524224
16515426
32314861
14118259
21707231
10542127
1852687
32350295
24375039
32599763
5156097
10863502
14731323
14491653
24437702
3029518
18279259
4456369
3073490
24888885
18215119
22398779
21212676
30582576
13462769
20122308
130140
24623325
25762073
24337114
27548214
16731801
7298044
26308579
30850060
29005274
3296274
32702746
27801074
27671313
31748078
32957170
4980319
