18229943
19682256
7992850
30710492
13984904
18380717
761441
30921933
7688376
3056511
18790221
3384369
17490894
22672667
31263981
9598833
9752015
17182111
12891492
2447088
26786690
12931804
7392085
33476751
12011174
26952629
11652199
1809767
8495229
4035293
4715258
26725172
23717548
12708108
23881168
4147956
31088760
24642608
1515457
5222704
27699118
20305678
8607008
11635516
9423849
6316557
21234284
19175863
23498667
571345
21622886
16730926
13503084
29014970
16653181
25514257
22413103
28305379
27324023
30908332
32340671
32039217
24079008
22503723
